Date	PX_LAST	PX_VOLUME
10/02/2020	109,79	6011806
11/02/2020	111,21	6072847
12/02/2020	112,04	5725669
13/02/2020	111,66	5991856
14/02/2020	110,08	5148798
18/02/2020	110,24	4976370
19/02/2020	110,74	5887511
20/02/2020	109,81	4466591
21/02/2020	109,01	6443864
24/02/2020	104,71	9539778
25/02/2020	100,71	12871890
26/02/2020	98,04	11991400
27/02/2020	94,13	15783660
28/02/2020	93,34	20840550
02/03/2020	96,59	15050800
03/03/2020	94,39	16525470
04/03/2020	98,53	14752950
05/03/2020	97,19	12814360
06/03/2020	95,32	16862300
09/03/2020	80,67	30595480
10/03/2020	84,98	22592130
11/03/2020	83,03	18414340
12/03/2020	76,26	25768230
13/03/2020	83,42	23497510
16/03/2020	69,7	17535270
17/03/2020	70,69	22684250
18/03/2020	55,05	24947290
19/03/2020	57,39	29870980
20/03/2020	59,39	26960440
23/03/2020	54,22	23764030
24/03/2020	66,55	29198760
25/03/2020	69,27	22560120
26/03/2020	76,38	24140970
27/03/2020	68,78	20411490
30/03/2020	71,95	18486820
31/03/2020	72,46	18514180
01/04/2020	68,56	14362040
02/04/2020	76,12	23220620
03/04/2020	75,11	14905410
06/04/2020	80,39	17334920
07/04/2020	80,92	16394790
08/04/2020	85,98	12284850
09/04/2020	84,31	17048550
13/04/2020	84,91	13854680
14/04/2020	84,61	14797590
15/04/2020	82,49	13982300
16/04/2020	79,99	12291910
17/04/2020	87,17	16130080
20/04/2020	83,57	15748960
21/04/2020	81,64	19620570
22/04/2020	84,44	10325140
23/04/2020	86,8	14226540
24/04/2020	87,01	9176599
27/04/2020	89,71	12037130
28/04/2020	89,91	10645150
29/04/2020	94,62	12342820
30/04/2020	92	12221960
01/05/2020	89,44	13250100
04/05/2020	91,44	11192380
05/05/2020	92,89	13608720
06/05/2020	90,05	11145910
07/05/2020	92,64	9753495
08/05/2020	95,47	8602865
11/05/2020	93,37	7101040
12/05/2020	91,1	8749052
13/05/2020	88,7	12215070
14/05/2020	90,05	10678190
15/05/2020	89,16	10112970
18/05/2020	92,55	12306540
19/05/2020	89,62	7749265
20/05/2020	93	9160034
21/05/2020	92,04	8830887
22/05/2020	90,28	8563108
26/05/2020	93,3	9429980
27/05/2020	93,9	7822605
28/05/2020	90,87	9639423
29/05/2020	91,7	17016860
01/06/2020	92,79	7346296
02/06/2020	94,69	7880250
03/06/2020	97,18	8440203
04/06/2020	96,28	6371723
05/06/2020	100,81	12760130
08/06/2020	103,24	11090720
09/06/2020	101,53	10745360
10/06/2020	97,58	10486260
11/06/2020	89,37	14944810
12/06/2020	92,39	9532412
15/06/2020	91,23	12291460
16/06/2020	94,03	8734566
17/06/2020	91,54	6019869
18/06/2020	91,94	7064145
19/06/2020	90,63	14836560
22/06/2020	91,59	5939155
23/06/2020	91,44	6317713
24/06/2020	87,64	8974470
25/06/2020	89,21	7397991
26/06/2020	86,46	13766020
29/06/2020	87,67	7022175
30/06/2020	89,23	8263617
01/07/2020	87,62	6379402
02/07/2020	88,31	5832793
06/07/2020	88,57	6747528
07/07/2020	86,31	5898047
08/07/2020	86,35	6735606
09/07/2020	82,74	8833552
10/07/2020	85,23	6218141
13/07/2020	85,4	7074046
14/07/2020	88,35	7440538
15/07/2020	88,89	5935206
16/07/2020	88,36	4795687
17/07/2020	87,19	5964361
20/07/2020	85,27	14974840
21/07/2020	91,39	15119310
22/07/2020	91,04	10317500
23/07/2020	91,01	6586339
24/07/2020	90,13	6620464
27/07/2020	91,04	7599982
28/07/2020	89,11	6787341
29/07/2020	90,07	6386853
30/07/2020	86,27	10112780
31/07/2020	83,94	19120650
03/08/2020	84,81	11221850
04/08/2020	86,49	9077915
05/08/2020	87,2	7352641
06/08/2020	87,47	7035584
07/08/2020	86,8	7185382
10/08/2020	89,73	8150225
11/08/2020	89,62	9074300
12/08/2020	90,72	9057971
13/08/2020	89,82	7314642
14/08/2020	90,35	6343029
17/08/2020	90,77	10473810
18/08/2020	87,63	7981520
19/08/2020	86,39	9120256
20/08/2020	84,81	7872311
21/08/2020	85,08	9003629
24/08/2020	87,2	8738698
25/08/2020	86,13	6835813
26/08/2020	84,78	7486490
27/08/2020	84,91	7438151
28/08/2020	85,63	7307932
31/08/2020	83,93	9437524
01/09/2020	83,08	8997235
02/09/2020	83,19	10822330
03/09/2020	82,28	16179900
04/09/2020	81,93	10516600
08/09/2020	78,97	14942530
09/09/2020	80,03	9269820
10/09/2020	78,15	11845880
11/09/2020	77,69	13732410
14/09/2020	77,29	8182840
15/09/2020	76,35	11732010
16/09/2020	78,56	13021740
17/09/2020	78,79	10515130
18/09/2020	78,21	14517790
21/09/2020	76,3	16199130
22/09/2020	75,53	9154966
23/09/2020	71,95	16649190
24/09/2020	71,8	15203450
25/09/2020	71,83	11070520
28/09/2020	73,93	12863840
29/09/2020	71,9	10561320
30/09/2020	72	10466450
01/10/2020	70,42	14930680
02/10/2020	71,19	9854802
05/10/2020	72,7	12049810
06/10/2020	72,3	15294480
07/10/2020	73,78	15410310
08/10/2020	75,22	11590870
09/10/2020	74	12260870
12/10/2020	74,51	9056884
13/10/2020	73,4	10440260
14/10/2020	72,95	7058050
15/10/2020	73,51	10052930
16/10/2020	72,89	9305957
19/10/2020	71,28	8357059
20/10/2020	71,68	7753247
21/10/2020	70,87	9800575
22/10/2020	73,4	9812735
23/10/2020	72,57	8727161
26/10/2020	70,94	9710860
27/10/2020	69,51	14251700
28/10/2020	66,88	15961850
29/10/2020	68,8	12292160
30/10/2020	69,5	17198460
02/11/2020	72,15	11475510
03/11/2020	71,74	8607953
04/11/2020	71,77	10925660
05/11/2020	72,14	10627730
06/11/2020	71,15	8366918
09/11/2020	79,4	24015180
10/11/2020	83,07	15039670
11/11/2020	82,46	11640580
12/11/2020	80,67	8929433
13/11/2020	83,03	10898830
16/11/2020	88,96	18980210
17/11/2020	87,04	14329010
18/11/2020	84,28	10583710
19/11/2020	85,73	8820183
20/11/2020	85,79	8296993
23/11/2020	91,03	13387120
24/11/2020	95,62	17266430
25/11/2020	92,14	10556560
27/11/2020	91,31	4627670
30/11/2020	87,18	14288410
01/12/2020	87,45	9915692
02/12/2020	89,87	10509610
03/12/2020	89,8	8249758
04/12/2020	93,28	10791110
07/12/2020	90,76	9398377
08/12/2020	91,54	7627316
09/12/2020	90,44	11129430
10/12/2020	93,35	11992090
11/12/2020	92,45	9584454
14/12/2020	89,44	12198390
15/12/2020	89,37	11782520
16/12/2020	88,69	9892928
17/12/2020	88,41	11748930
18/12/2020	87,19	27427610
21/12/2020	86,09	11430470
22/12/2020	84,36	8589973
23/12/2020	85,69	7223112
24/12/2020	85,33	3335646
28/12/2020	84,9	8051925
29/12/2020	84,61	7670818
30/12/2020	85,33	7901846
31/12/2020	84,45	8350679
04/01/2021	84,71	9234919
05/01/2021	87	13414800
06/01/2021	89,8	13916760
07/01/2021	90,22	9286622
08/01/2021	91,08	11152130
11/01/2021	91,6	10640790
12/01/2021	93,34	10923860
13/01/2021	93,25	9723285
14/01/2021	95,49	13950230
15/01/2021	92,09	10244600
19/01/2021	94,51	9574755
20/01/2021	95,38	8735375
21/01/2021	92,01	10395870
22/01/2021	91,73	7810638
25/01/2021	90,9	7689434
26/01/2021	89,36	7827751
27/01/2021	88,2	10178500
28/01/2021	89,02	8155520
29/01/2021	85,2	14699840
01/02/2021	86,41	8073583
02/02/2021	87,06	9233059
03/02/2021	88,96	9256453
04/02/2021	89	7917645
05/02/2021	89,26	8017276
