Date	PX_LAST	PX_VOLUME
10/02/2020	154,43	5239807
11/02/2020	153,48	3835112
12/02/2020	155,31	4438007
13/02/2020	154,31	3820697
14/02/2020	150,7	6099244
18/02/2020	151,1	3343514
19/02/2020	150,86	2733277
20/02/2020	151,22	2880709
21/02/2020	149,84	3537258
24/02/2020	146,43	5452408
25/02/2020	141,71	6211547
26/02/2020	139,75	5409537
27/02/2020	133,11	8421125
28/02/2020	130,15	13012230
02/03/2020	134,3	8531415
03/03/2020	128,9	7896068
04/03/2020	134,22	4996370
05/03/2020	129,55	5446227
06/03/2020	127,73	8193257
09/03/2020	117,81	10757490
10/03/2020	124,77	11410690
11/03/2020	117,97	8451038
12/03/2020	102,81	12512660
13/03/2020	107,95	12502110
16/03/2020	99,08	10567960
17/03/2020	106,65	9258338
18/03/2020	103,55	8772460
19/03/2020	100,34	8396521
20/03/2020	95,39	10546460
23/03/2020	94,77	9729393
24/03/2020	105,48	7973944
25/03/2020	105,85	8654047
26/03/2020	112,89	7158052
27/03/2020	108,03	6423038
30/03/2020	112,93	5564541
31/03/2020	110,93	6346676
01/04/2020	105,14	6112947
02/04/2020	110	6328674
03/04/2020	106,34	4538750
06/04/2020	114,82	7034193
07/04/2020	114,94	5595329
08/04/2020	119,29	5158641
09/04/2020	121,5	5576815
13/04/2020	121,15	5119713
14/04/2020	123,91	5088660
15/04/2020	118,69	5637341
16/04/2020	115,73	6457556
17/04/2020	120,12	4965992
20/04/2020	120,41	8181736
21/04/2020	116,76	14349030
22/04/2020	119,31	7087869
23/04/2020	121,35	6881615
24/04/2020	124,72	4987346
27/04/2020	125,92	4923806
28/04/2020	126,27	4778144
29/04/2020	128,69	5257579
30/04/2020	125,56	6635783
01/05/2020	121,87	4925535
04/05/2020	121,68	4017877
05/05/2020	122,58	3899416
06/05/2020	123,17	3864589
07/05/2020	121,23	4414328
08/05/2020	122,99	5003939
11/05/2020	122,59	3535276
12/05/2020	120,26	4784457
13/05/2020	115,73	5882813
14/05/2020	116,95	5259373
15/05/2020	116,98	4786330
18/05/2020	121,56	4207593
19/05/2020	120,29	3241117
20/05/2020	121,38	3840858
21/05/2020	119,12	4000863
22/05/2020	118,39	4180771
26/05/2020	121,76	5469282
27/05/2020	125,54	5727496
28/05/2020	124,53	3916377
29/05/2020	124,9	7930467
01/06/2020	124,89	2883294
02/06/2020	126	2978056
03/06/2020	129,05	3917746
04/06/2020	128,89	3864785
05/06/2020	132,06	5892960
08/06/2020	135,75	5370469
09/06/2020	131,87	5393644
10/06/2020	129,87	4734835
11/06/2020	118,01	11763630
12/06/2020	121,91	6220327
15/06/2020	121,65	5151240
16/06/2020	125,15	5609087
17/06/2020	124,15	3156836
18/06/2020	124,16	2865362
19/06/2020	122,47	8092354
22/06/2020	121,07	4773499
23/06/2020	119,41	6632605
24/06/2020	116,42	6750990
25/06/2020	119,03	6130626
26/06/2020	117,19	10750110
29/06/2020	119,75	4159488
30/06/2020	120,77	3919469
01/07/2020	118,54	4655765
02/07/2020	119,7	3746958
06/07/2020	120,19	4045439
07/07/2020	117,58	4278307
08/07/2020	117,71	5192806
09/07/2020	115,71	4762991
10/07/2020	118,35	4285705
13/07/2020	119,2	4650651
14/07/2020	120,6	4534397
15/07/2020	123	4473400
16/07/2020	124,01	4330917
17/07/2020	125,11	3988460
20/07/2020	126,37	9927668
21/07/2020	126,06	15364950
22/07/2020	128,67	8195366
23/07/2020	127,33	4220136
24/07/2020	125,79	3531076
27/07/2020	126,21	3733547
28/07/2020	124,47	4178176
29/07/2020	125,32	2833141
30/07/2020	122,9	3988062
31/07/2020	122,94	5277652
03/08/2020	124,31	3526574
04/08/2020	125,84	3431366
05/08/2020	125,45	3675400
06/08/2020	126,12	3417131
07/08/2020	124,96	3651226
10/08/2020	127,11	3968295
11/08/2020	126,75	5001176
12/08/2020	126,7	3530177
13/08/2020	125,03	3171258
14/08/2020	125,27	2963753
17/08/2020	124,44	3360064
18/08/2020	124,92	2882355
19/08/2020	123,84	3743949
20/08/2020	123,15	2561164
21/08/2020	123,16	3385051
24/08/2020	125,68	4070816
25/08/2020	124,64	2977697
26/08/2020	124,17	3388687
27/08/2020	124,65	3422654
28/08/2020	125,07	3099940
31/08/2020	123,31	4827879
01/09/2020	123,4	3155623
02/09/2020	128,18	6592430
03/09/2020	124,45	5716750
04/09/2020	122,3	6018238
08/09/2020	121,21	5210292
09/09/2020	122,26	3770678
10/09/2020	120,56	3978805
11/09/2020	121,46	3548091
14/09/2020	122,09	3641887
15/09/2020	122,44	2915221
16/09/2020	124,22	3789458
17/09/2020	124,92	3171262
18/09/2020	122,76	5391570
21/09/2020	120,25	5311441
22/09/2020	120,51	2957809
23/09/2020	118,83	3939398
24/09/2020	118,09	3546160
25/09/2020	118,95	2953686
28/09/2020	121,73	3509576
29/09/2020	120,94	2130564
30/09/2020	121,67	3261235
01/10/2020	121,09	3211661
02/10/2020	120,57	2925228
05/10/2020	122,01	3050949
06/10/2020	121,97	3872265
07/10/2020	124,07	2815663
08/10/2020	131,49	25288930
09/10/2020	127,79	8353704
12/10/2020	127,21	4635115
13/10/2020	125,1	5406088
14/10/2020	125,94	3730139
15/10/2020	124,89	3389301
16/10/2020	125,93	4714320
19/10/2020	125,52	7478735
20/10/2020	117,37	21501070
21/10/2020	115,06	9755308
22/10/2020	115,76	7858158
23/10/2020	116	3893362
26/10/2020	112,22	7203366
27/10/2020	110,56	5936106
28/10/2020	106,65	9427321
29/10/2020	108,91	6760241
30/10/2020	111,66	7923882
02/11/2020	112,91	5311497
03/11/2020	114,16	4204287
04/11/2020	111,9	5800071
05/11/2020	114,77	4902206
06/11/2020	114,04	5249171
09/11/2020	115,53	8992152
10/11/2020	117,91	5622756
11/11/2020	117,2	4289601
12/11/2020	114,5	6500799
13/11/2020	116,85	4683512
16/11/2020	118,36	5293385
17/11/2020	117,7	4134455
18/11/2020	116,77	4606828
19/11/2020	117,18	3439648
20/11/2020	116,94	5024593
23/11/2020	120,09	5655119
24/11/2020	124,42	7759006
25/11/2020	124,2	4135894
27/11/2020	124,35	2091186
30/11/2020	123,52	5987991
01/12/2020	123,16	5312057
02/12/2020	124,62	3690737
03/12/2020	123,61	4548161
04/12/2020	127,2	5522760
07/12/2020	124,7	8318500
08/12/2020	125,71	5395024
09/12/2020	126,79	6513517
10/12/2020	124,96	4803172
11/12/2020	124,27	4481416
14/12/2020	123,53	5050023
15/12/2020	125,93	4359601
16/12/2020	125,55	4530096
17/12/2020	125,55	3787962
18/12/2020	125,85	7552845
21/12/2020	123,39	6115671
22/12/2020	123,61	4337757
23/12/2020	123,9	2693889
24/12/2020	124,69	1761122
28/12/2020	124,82	3615222
29/12/2020	123,8	3487007
30/12/2020	124,34	3380494
31/12/2020	125,88	3574696
04/01/2021	123,94	5179161
05/01/2021	126,14	6114619
06/01/2021	129,29	7956740
07/01/2021	128,99	4507382
08/01/2021	128,53	4676487
11/01/2021	128,58	5602466
12/01/2021	129,21	3749213
13/01/2021	126,92	7677739
14/01/2021	128,97	7503180
15/01/2021	128,39	4905506
19/01/2021	129,02	5397956
20/01/2021	130,08	5598705
21/01/2021	131,65	12819230
22/01/2021	118,61	38063530
25/01/2021	118,58	13686390
26/01/2021	122,49	10694710
27/01/2021	122,47	12146540
28/01/2021	120,08	8084051
29/01/2021	119,11	11825500
01/02/2021	120,54	6250508
02/02/2021	119,44	6341883
03/02/2021	119,12	6715366
04/02/2021	121,02	4562124
05/02/2021	121,79	4565727
