Date	PX_LAST	PX_VOLUME
10/02/2020	151,86	4836002
11/02/2020	151,99	3715389
12/02/2020	151,09	5167069
13/02/2020	150,09	5480225
14/02/2020	150,13	5716549
18/02/2020	149,14	7231010
19/02/2020	148,94	6115220
20/02/2020	148,37	7465047
21/02/2020	149,93	7776835
24/02/2020	145,91	10589200
25/02/2020	144,65	10529370
26/02/2020	143,68	10094400
27/02/2020	139,12	12566710
28/02/2020	134,48	19825530
02/03/2020	140,02	11508230
03/03/2020	135,59	13662450
04/03/2020	143,48	10560820
05/03/2020	142,01	11339190
06/03/2020	142,03	12239090
09/03/2020	136,44	13848570
10/03/2020	141,64	12698070
11/03/2020	131,8	17768060
12/03/2020	125,41	21539200
13/03/2020	134,29	20084150
16/03/2020	127,13	18877920
17/03/2020	136,59	18911760
18/03/2020	134,96	17521130
19/03/2020	127,05	18482340
20/03/2020	119,89	19785130
23/03/2020	111,14	20815230
24/03/2020	119,18	17604770
25/03/2020	119,4	13986050
26/03/2020	126,57	15068650
27/03/2020	123,16	12133220
30/03/2020	133,01	21754030
31/03/2020	131,13	15746120
01/04/2020	128,81	12606080
02/04/2020	133,15	11594460
03/04/2020	134,17	10071180
06/04/2020	139,76	14994420
07/04/2020	137,48	11567070
08/04/2020	143,26	10758180
09/04/2020	141,23	11127210
13/04/2020	139,77	8153228
14/04/2020	146,03	13838020
15/04/2020	147,66	11962260
16/04/2020	149,67	12181700
17/04/2020	152,02	10920020
20/04/2020	151,67	12226200
21/04/2020	149,68	9951106
22/04/2020	152,99	11518320
23/04/2020	155,51	10665020
24/04/2020	154,86	8654126
27/04/2020	154,29	8924048
28/04/2020	151,39	8558719
29/04/2020	150,24	9285216
30/04/2020	150,04	14829600
01/05/2020	148,29	7308960
04/05/2020	148,27	7198409
05/05/2020	149,5	6562288
06/05/2020	148,08	6191594
07/05/2020	147,59	5571034
08/05/2020	148,7	4712477
11/05/2020	149,11	5887489
12/05/2020	147,14	7039227
13/05/2020	147,13	6970457
14/05/2020	147,64	6871412
15/05/2020	150,44	10340400
18/05/2020	150,52	7389995
19/05/2020	149,02	6107256
20/05/2020	147,68	5713440
21/05/2020	146,71	6487343
22/05/2020	144,37	6140899
26/05/2020	144,56	7072258
27/05/2020	144,89	7950008
28/05/2020	146,97	6190582
29/05/2020	148,75	8505215
01/06/2020	147,19	6142580
02/06/2020	148,25	6078311
03/06/2020	148,65	6339468
04/06/2020	146,73	8170480
05/06/2020	147,3	9725441
08/06/2020	146,77	7555622
09/06/2020	145,96	8247233
10/06/2020	147,8	10137070
11/06/2020	140,87	11913270
12/06/2020	142,15	8687356
15/06/2020	141,25	8655014
16/06/2020	144,46	7582631
17/06/2020	144,02	5100095
18/06/2020	143,41	4797449
19/06/2020	143,83	12194090
22/06/2020	143,39	5285631
23/06/2020	142,86	5921594
24/06/2020	139,82	8211239
25/06/2020	139,67	7421160
26/06/2020	137,81	12849740
29/06/2020	139,04	5309797
30/06/2020	140,63	7738296
01/07/2020	140,38	6175020
02/07/2020	140,97	5152238
06/07/2020	142,98	6156354
07/07/2020	142,85	5622609
08/07/2020	143,27	6257537
09/07/2020	142,49	5738564
10/07/2020	142,37	4282406
13/07/2020	145,21	6951941
14/07/2020	147,92	7447125
15/07/2020	148,26	8512838
16/07/2020	149,25	9304669
17/07/2020	149,35	7444124
20/07/2020	149,6	6191457
21/07/2020	149,74	5579687
22/07/2020	150,01	5910193
23/07/2020	149,61	6566269
24/07/2020	148,12	5405867
27/07/2020	147,18	5675155
28/07/2020	146,83	4842184
29/07/2020	146,54	4489147
30/07/2020	146,84	5922481
31/07/2020	145,76	8257997
03/08/2020	147,35	4079755
04/08/2020	147,22	4162154
05/08/2020	148,4	5493196
06/08/2020	147,55	4837865
07/08/2020	148,6	3635071
10/08/2020	148,03	4096620
11/08/2020	146,97	6388389
12/08/2020	149,66	5258127
13/08/2020	148	5155457
14/08/2020	148,24	4240189
17/08/2020	148,99	4306909
18/08/2020	150,09	4322567
19/08/2020	150,39	7816251
20/08/2020	151,42	4874739
21/08/2020	152,76	6722759
24/08/2020	152,15	5387937
25/08/2020	152,06	3863477
26/08/2020	152,3	8008292
27/08/2020	152,98	5575432
28/08/2020	153,64	5395684
31/08/2020	153,41	6362683
01/09/2020	151,52	6309237
02/09/2020	153,83	6881856
03/09/2020	149,55	8672808
04/09/2020	148,59	7200065
08/09/2020	147,26	8756842
09/09/2020	149,7	6960668
10/09/2020	146,91	6191800
11/09/2020	147,78	3934691
14/09/2020	148,35	4375798
15/09/2020	148,89	3659221
16/09/2020	148,4	4323502
17/09/2020	147,17	5461414
18/09/2020	149,18	12174040
21/09/2020	145,1	7574501
22/09/2020	144,21	5295917
23/09/2020	144,44	8784436
24/09/2020	144,67	5614844
25/09/2020	145,66	5531209
28/09/2020	147,11	5843189
29/09/2020	147,06	6771016
30/09/2020	148,88	8487691
01/10/2020	147,32	6457808
02/10/2020	146,24	5485602
05/10/2020	148,23	4992758
06/10/2020	146,26	5118212
07/10/2020	147,88	5603123
08/10/2020	148,89	4413531
09/10/2020	150,97	5054116
12/10/2020	151,84	7273170
13/10/2020	148,36	11057570
14/10/2020	148,1	7707047
15/10/2020	147,19	5979015
16/10/2020	148,1	6098404
19/10/2020	144,32	7250755
20/10/2020	144,55	5326540
21/10/2020	143,93	5221348
22/10/2020	145,08	5280253
23/10/2020	145,24	4154372
26/10/2020	143,97	6929472
27/10/2020	143,15	4890064
28/10/2020	138,36	8426065
29/10/2020	137,19	7205409
30/10/2020	137,11	7364752
02/11/2020	138,69	7088029
03/11/2020	138,5	6362978
04/11/2020	139,4	10263520
05/11/2020	139,76	8016160
06/11/2020	142,25	5942538
09/11/2020	146,08	12351640
10/11/2020	148,28	7386462
11/11/2020	147,8	6382407
12/11/2020	148,3	4712177
13/11/2020	149,9	5896537
16/11/2020	150,85	6266384
17/11/2020	149,35	7297736
18/11/2020	147,37	6661008
19/11/2020	147,14	7987716
20/11/2020	146,36	6356142
23/11/2020	143,87	7318255
24/11/2020	143,87	11038820
25/11/2020	143,68	7594618
27/11/2020	144	3059001
30/11/2020	144,68	15663240
01/12/2020	147,45	9741260
02/12/2020	148,14	7745516
03/12/2020	149	7310486
04/12/2020	150,27	6747083
07/12/2020	148,97	6634743
08/12/2020	151,55	8339847
09/12/2020	153,1	8440069
10/12/2020	152,25	7392928
11/12/2020	152,95	5973255
14/12/2020	149,07	8547296
15/12/2020	150,57	7614746
16/12/2020	149,67	8486069
17/12/2020	153,62	9920312
18/12/2020	154,51	17137230
21/12/2020	153,02	7893359
22/12/2020	152,72	4703185
23/12/2020	151,94	4607275
24/12/2020	152,47	2114901
28/12/2020	153,19	3855466
29/12/2020	154,14	5211972
30/12/2020	156,05	5412775
31/12/2020	157,38	5099880
04/01/2021	156,5	11765870
05/01/2021	158,34	9602290
06/01/2021	159,83	8230086
07/01/2021	160,37	7747161
08/01/2021	160,04	8228938
11/01/2021	159,37	7068176
12/01/2021	158,13	6903189
13/01/2021	157,89	6643065
14/01/2021	160,65	10030790
15/01/2021	160,3	7630813
19/01/2021	162,78	9057555
20/01/2021	162,38	6839850
21/01/2021	161,73	6822770
22/01/2021	163,55	8137018
25/01/2021	165,98	9924438
26/01/2021	170,48	14205690
27/01/2021	167,88	14207290
28/01/2021	169,16	8944399
29/01/2021	163,13	22505860
01/02/2021	162,71	9971395
02/02/2021	161,25	11443250
03/02/2021	160,5	8601883
04/02/2021	161,99	7758128
05/02/2021	164,45	9495309
