Date	PX_LAST	PX_VOLUME
10/02/2020	137,74	5960700
11/02/2020	138	6578649
12/02/2020	138	7957984
13/02/2020	137,88	7447535
14/02/2020	137,46	6627891
18/02/2020	135,64	8997247
19/02/2020	137,49	7071399
20/02/2020	137,49	7422800
21/02/2020	135,81	9772770
24/02/2020	132,16	13618430
25/02/2020	126,26	20797190
26/02/2020	126,64	24836160
27/02/2020	121,37	23005470
28/02/2020	116,11	45942580
02/03/2020	121,52	27355450
03/03/2020	116,96	32547740
04/03/2020	119,85	25795870
05/03/2020	113,97	25025630
06/03/2020	108,08	38159410
09/03/2020	93,44	40352030
10/03/2020	100,7	31102650
11/03/2020	95,96	38157810
12/03/2020	88,05	49725230
13/03/2020	103,91	38543330
16/03/2020	88,36	38589650
17/03/2020	93,76	35239840
18/03/2020	83,89	41525570
19/03/2020	85,3	32175060
20/03/2020	83,5	30150820
23/03/2020	79,03	32536580
24/03/2020	88,43	34363160
25/03/2020	91,73	38111700
26/03/2020	98,12	29840430
27/03/2020	91,13	30041460
30/03/2020	93,5	21656930
31/03/2020	90,03	23379300
01/04/2020	84,36	28029570
02/04/2020	87,51	24017960
03/04/2020	84,05	21199450
06/04/2020	89,46	26820850
07/04/2020	90,64	22563810
08/04/2020	94,3	22903260
09/04/2020	102,76	42084670
13/04/2020	98,19	26911950
14/04/2020	95,5	46151260
15/04/2020	90,79	30118620
16/04/2020	87,33	32449620
17/04/2020	95,18	30191900
20/04/2020	91,71	23679430
21/04/2020	89,05	23035020
22/04/2020	89,34	16706030
23/04/2020	89,39	16638770
24/04/2020	90,71	15815290
27/04/2020	94,62	22870210
28/04/2020	95,29	20238900
29/04/2020	97,86	20462560
30/04/2020	95,76	19127630
01/05/2020	93,25	18547740
04/05/2020	92,14	15725880
05/05/2020	92	18064120
06/05/2020	90,27	20978040
07/05/2020	91,21	16771940
08/05/2020	92,7	20494920
11/05/2020	89,97	31907590
12/05/2020	87,03	27962920
13/05/2020	84,03	35451600
14/05/2020	87,52	35152450
15/05/2020	85,9	26099040
18/05/2020	90,45	30528730
19/05/2020	88,67	19597290
20/05/2020	91,33	20552360
21/05/2020	90,17	14621410
22/05/2020	89,47	13557920
26/05/2020	95,82	41233950
27/05/2020	101,37	39402040
28/05/2020	99,86	24738540
29/05/2020	97,31	26538150
01/06/2020	98,6	15207500
02/06/2020	98,93	21194960
03/06/2020	104,27	25941090
04/06/2020	106,44	26784720
05/06/2020	111,23	42230990
08/06/2020	113,45	24881790
09/06/2020	110,54	17031140
10/06/2020	106,06	24913330
11/06/2020	97,21	36259220
12/06/2020	99,87	24856760
15/06/2020	101,25	22153640
16/06/2020	102,06	22193580
17/06/2020	99,48	15639830
18/06/2020	98,94	16591910
19/06/2020	97,81	40371170
22/06/2020	96,75	16216900
23/06/2020	97,93	15381380
24/06/2020	94,66	22919780
25/06/2020	97,96	25743640
26/06/2020	92,59	41896320
29/06/2020	93	18499740
30/06/2020	94,06	19137010
01/07/2020	93,26	18755730
02/07/2020	92,66	27845620
06/07/2020	95	18625270
07/07/2020	92,32	25757200
08/07/2020	93,3	18762210
09/07/2020	91,28	25600760
10/07/2020	96,27	28954230
13/07/2020	97,65	32079210
14/07/2020	98,21	42731670
15/07/2020	99,73	22508410
16/07/2020	100,01	16886890
17/07/2020	98,16	16161550
20/07/2020	97,3	14458140
21/07/2020	99,41	17812300
22/07/2020	98,69	14271150
23/07/2020	98,98	12870180
24/07/2020	98,28	12744150
27/07/2020	96,9	11959060
28/07/2020	97,32	11754270
29/07/2020	99,68	12743520
30/07/2020	97,02	14834790
31/07/2020	96,64	14539500
03/08/2020	96,1	12972560
04/08/2020	95,55	13366150
05/08/2020	97,21	15349690
06/08/2020	97,24	10482060
07/08/2020	99,38	14743680
10/08/2020	100,64	14989850
11/08/2020	103,82	31518610
12/08/2020	102,94	19250160
13/08/2020	102,37	13598650
14/08/2020	102,41	12134360
17/08/2020	99,71	14987990
18/08/2020	98,32	13246510
19/08/2020	98,55	13533020
20/08/2020	97,37	13672580
21/08/2020	97,32	12228300
24/08/2020	100,06	17898270
25/08/2020	100,5	13648930
26/08/2020	99,09	12052440
27/08/2020	102,35	22163860
28/08/2020	102,77	13756730
31/08/2020	100,19	14219440
01/09/2020	100,14	11602050
02/09/2020	101,65	14475670
03/09/2020	101,33	23281240
04/09/2020	103,52	26325470
08/09/2020	99,92	22108610
09/09/2020	100,87	13434020
10/09/2020	99,83	15922790
11/09/2020	101,07	13784340
14/09/2020	102,47	19017370
15/09/2020	99,28	23682970
16/09/2020	99,7	19284240
17/09/2020	98,56	18290100
18/09/2020	98,35	20121580
21/09/2020	95,31	28378770
22/09/2020	94,27	19257000
23/09/2020	92,74	19952670
24/09/2020	92,66	18366520
25/09/2020	93,47	13293080
28/09/2020	96,16	20894110
29/09/2020	95,35	12854670
30/09/2020	96,27	16400590
01/10/2020	96,97	15778670
02/10/2020	97,89	15149570
05/10/2020	99,04	13871880
06/10/2020	98,02	19220440
07/10/2020	99,73	16358530
08/10/2020	101,78	15659020
09/10/2020	101,2	13689120
12/10/2020	102,44	16057980
13/10/2020	100,78	21697310
14/10/2020	100,22	15214910
15/10/2020	101,72	17171200
16/10/2020	101,51	13276400
19/10/2020	99,8	11725670
20/10/2020	100,37	11257070
21/10/2020	99,37	10730520
22/10/2020	102,88	14837200
23/10/2020	103,81	15087610
26/10/2020	101,24	12410740
27/10/2020	99,33	10391660
28/10/2020	96,54	16389460
29/10/2020	97,17	14208820
30/10/2020	98,04	15200690
02/11/2020	100,25	15011600
03/11/2020	103,41	17482590
04/11/2020	100,25	18886520
05/11/2020	104,35	17837370
06/11/2020	102,96	12552790
09/11/2020	116,9	47792410
10/11/2020	116,52	20539340
11/11/2020	114,78	14443410
12/11/2020	113,37	22066460
13/11/2020	114,08	11856870
16/11/2020	117,3	19858560
17/11/2020	116,11	14553250
18/11/2020	115,25	12571220
19/11/2020	115,56	10202540
20/11/2020	114,57	12720820
23/11/2020	117,87	13209210
24/11/2020	123,32	20121560
25/11/2020	122,03	11715630
27/11/2020	121,22	5983627
30/11/2020	117,88	14411850
01/12/2020	119,74	12678220
02/12/2020	122,04	10811260
03/12/2020	121,24	12904410
04/12/2020	122,34	13583650
07/12/2020	121,88	9724307
08/12/2020	122	9592124
09/12/2020	121,05	13073930
10/12/2020	120,27	13668420
11/12/2020	119,56	9981643
14/12/2020	118,3	12112350
15/12/2020	120,32	12591420
16/12/2020	120,67	11169360
17/12/2020	119,67	11618000
18/12/2020	119,08	28954760
21/12/2020	123,55	28323640
22/12/2020	121,67	11808880
23/12/2020	125,07	14973230
24/12/2020	124,52	4164948
28/12/2020	125,34	8072641
29/12/2020	125,01	8389199
30/12/2020	125,36	7397964
31/12/2020	127,07	8580214
04/01/2021	125,87	16819920
05/01/2021	125,65	13731210
06/01/2021	131,55	24909060
07/01/2021	135,87	21940390
08/01/2021	136,02	12035130
11/01/2021	138,05	15949050
12/01/2021	140,22	18033460
13/01/2021	140,35	14816760
14/01/2021	141,17	18565600
15/01/2021	138,64	27881020
19/01/2021	138,04	19843780
20/01/2021	135,97	16028850
21/01/2021	134,83	13415020
22/01/2021	133,79	12933230
25/01/2021	132,12	14212760
26/01/2021	131,58	11307820
27/01/2021	127,86	17603850
28/01/2021	130,11	13761760
29/01/2021	128,67	14808110
01/02/2021	129,62	11080660
02/02/2021	133,61	12253570
03/02/2021	135,14	10600780
04/02/2021	138,25	12419530
05/02/2021	137,98	10051270
