Date	PX_LAST	PX_VOLUME
02/02/2018	169,38	4604454
05/02/2018	163,85	7309275
06/02/2018	165,18	7019960
07/02/2018	165,71	4974029
08/02/2018	158,97	5655988
09/02/2018	160,8	7187079
12/02/2018	163,9	5255925
13/02/2018	162,4	5405988
14/02/2018	159,99	5865565
15/02/2018	160,78	5012104
16/02/2018	157,79	7165793
20/02/2018	157,16	5211141
21/02/2018	158,64	7833396
22/02/2018	160,66	4398165
23/02/2018	163,06	4272364
26/02/2018	163,58	4525196
27/02/2018	160,66	4907530
28/02/2018	157,74	6116820
01/03/2018	155,7	5608962
02/03/2018	148,27	11754260
05/03/2018	151,03	6397841
06/03/2018	151,2	5015408
07/03/2018	152,38	4492049
08/03/2018	154,44	4291386
09/03/2018	157,24	5076480
12/03/2018	157,74	4461502
13/03/2018	158,22	4333091
14/03/2018	158,24	3878961
15/03/2018	161,61	5925708
16/03/2018	162,36	14293750
19/03/2018	159,01	4307627
20/03/2018	159,38	3105129
21/03/2018	158,66	3871947
22/03/2018	157,04	3669437
23/03/2018	154,98	3447383
26/03/2018	158,01	3476951
27/03/2018	157,48	3519139
28/03/2018	158,41	3913249
29/03/2018	156,38	5289487
02/04/2018	157,72	6960137
03/04/2018	160,4	4719350
04/04/2018	161,73	4888038
05/04/2018	163,95	4503889
06/04/2018	161,25	4321878
09/04/2018	161,23	3581531
10/04/2018	162,77	3926051
11/04/2018	163,34	2711129
12/04/2018	161,62	5178889
13/04/2018	161,73	2452777
16/04/2018	161,63	3115186
17/04/2018	162,55	2861915
18/04/2018	161,81	2503128
19/04/2018	159,53	3276623
20/04/2018	158,77	3961213
23/04/2018	158,99	3051878
24/04/2018	157,32	2904359
25/04/2018	155,94	3710228
26/04/2018	158,9	3680630
27/04/2018	158,3	4141496
30/04/2018	167,44	12954740
01/05/2018	163,44	6560143
02/05/2018	160,68	4318436
03/05/2018	160,08	3450094
04/05/2018	165,03	4283643
07/05/2018	165	3378990
08/05/2018	164,77	2808116
09/05/2018	164,24	2762488
10/05/2018	165,07	1675139
11/05/2018	165,39	2258462
14/05/2018	164,72	2537289
15/05/2018	163,06	3471278
16/05/2018	162,87	2522035
17/05/2018	161,31	2975505
18/05/2018	160,98	2318045
21/05/2018	161,48	2424012
22/05/2018	159,45	3224003
23/05/2018	161,62	3835129
24/05/2018	162,39	3378040
25/05/2018	163,21	2582090
29/05/2018	160,62	3197053
30/05/2018	161,82	2396547
31/05/2018	160,01	4881141
01/06/2018	159,16	3203782
04/06/2018	160,22	3174562
05/06/2018	159,48	2952304
06/06/2018	162,38	3586190
07/06/2018	169,48	8342535
08/06/2018	168,91	5056578
11/06/2018	166,49	3246464
12/06/2018	166,73	2985260
13/06/2018	166,58	3140508
14/06/2018	167,05	2389963
15/06/2018	166,46	7384360
18/06/2018	166,28	4297727
19/06/2018	164,97	3350429
20/06/2018	162,56	3649511
21/06/2018	160,53	4655807
22/06/2018	164,55	10927290
25/06/2018	159,81	6126774
26/06/2018	160,91	3375117
27/06/2018	157,42	4962140
28/06/2018	156,32	4136532
29/06/2018	156,69	4024512
02/07/2018	156,87	3023959
03/07/2018	156,48	1437699
05/07/2018	157,32	2248320
06/07/2018	159,42	3441328
09/07/2018	159,94	2477291
10/07/2018	160,62	2187530
11/07/2018	158,62	3203795
12/07/2018	159,12	2360824
13/07/2018	158,51	5187544
16/07/2018	158,78	2818313
17/07/2018	159,75	1877482
18/07/2018	157,93	3824040
19/07/2018	157,41	4869720
20/07/2018	157,97	2697080
23/07/2018	158,75	2754730
24/07/2018	157,94	3388383
25/07/2018	158,89	4369823
26/07/2018	156,14	7409782
27/07/2018	157,48	4287282
30/07/2018	158,64	3274878
31/07/2018	157,54	3530344
01/08/2018	156,92	4253003
02/08/2018	155,41	6245890
03/08/2018	156,21	3673120
06/08/2018	156,72	2375200
07/08/2018	156,04	1929394
08/08/2018	158,92	2988536
09/08/2018	159,3	2764451
10/08/2018	158,68	3343459
13/08/2018	158,14	2879590
14/08/2018	160,6	3111910
15/08/2018	159,88	3355474
16/08/2018	161,73	2822325
17/08/2018	161,15	2527422
20/08/2018	161,68	2659503
21/08/2018	161,04	1920897
22/08/2018	160,55	2361539
23/08/2018	159,05	2755807
24/08/2018	159,38	2199440
27/08/2018	160,48	2627116
28/08/2018	161,64	2138158
29/08/2018	163,11	3168231
30/08/2018	162,8	3038737
31/08/2018	162,23	3649768
04/09/2018	161,72	3296272
05/09/2018	163,24	2749174
06/09/2018	163,74	3133754
07/09/2018	163,9	2868309
10/09/2018	165,07	3080082
11/09/2018	164,62	2946393
12/09/2018	164,74	2613354
13/09/2018	162,4	3663571
14/09/2018	160,84	3939824
17/09/2018	158,14	5360039
18/09/2018	157,77	3722864
19/09/2018	159,18	2821953
20/09/2018	160,79	3218707
21/09/2018	165,3	8805474
24/09/2018	163,31	4375289
25/09/2018	166,41	5282930
26/09/2018	165,76	3092556
27/09/2018	166,53	2390670
28/09/2018	167,29	3390221
01/10/2018	166,67	3126616
02/10/2018	165,18	3071198
03/10/2018	164,66	3830275
04/10/2018	165,8	3230440
05/10/2018	166,57	2822503
08/10/2018	167,77	2560488
09/10/2018	169,83	4158072
10/10/2018	168,37	4190540
11/10/2018	162,97	5430672
12/10/2018	163,82	3446093
15/10/2018	163,67	4265948
16/10/2018	164,07	4094663
17/10/2018	166,77	3608363
18/10/2018	166,81	3378587
19/10/2018	167,49	3509973
22/10/2018	166,63	5703547
23/10/2018	177,15	12918330
24/10/2018	177,35	7866377
25/10/2018	175,31	4646367
26/10/2018	173,34	4741914
29/10/2018	173,23	3485180
30/10/2018	178,49	5582931
31/10/2018	176,9	5424712
01/11/2018	174,88	3701151
02/11/2018	176,75	4190863
05/11/2018	180,39	4747298
06/11/2018	182,71	4864654
07/11/2018	184,25	4363930
08/11/2018	185,48	3318599
09/11/2018	185,94	3237062
12/11/2018	184,37	3080753
13/11/2018	184,01	2358173
14/11/2018	183,85	3407486
15/11/2018	183,56	3351256
16/11/2018	187,59	3759462
19/11/2018	186,72	3745905
20/11/2018	183,71	3708429
21/11/2018	182,72	3410745
23/11/2018	181,93	1747670
26/11/2018	183,89	3843322
27/11/2018	184,63	2194245
28/11/2018	187,85	3279454
29/11/2018	189,26	4617087
30/11/2018	188,51	6635621
03/12/2018	185,37	4399266
04/12/2018	185,04	4436191
06/12/2018	185,45	4878006
07/12/2018	182,96	3087954
10/12/2018	184,65	3084968
11/12/2018	183,59	2889144
12/12/2018	183,48	3024671
13/12/2018	186,43	2737514
14/12/2018	183,29	4450192
17/12/2018	180,79	4566870
18/12/2018	179,71	4268985
19/12/2018	179,16	3883791
20/12/2018	173,68	5775271
21/12/2018	174,15	8536938
24/12/2018	170,28	2400878
26/12/2018	174,03	4065567
27/12/2018	175,71	3934478
28/12/2018	175,56	2896778
31/12/2018	177,57	2482576
01/01/2019	177,57	0
02/01/2019	176,06	2571462
03/01/2019	174,9	3728238
04/01/2019	178,28	3194259
07/01/2019	180,22	3282952
08/01/2019	180,6	2941377
09/01/2019	180,29	2680712
10/01/2019	181,55	2498483
11/01/2019	182,37	2348922
14/01/2019	181,22	1886302
15/01/2019	181,02	3860212
16/01/2019	179,35	3376029
17/01/2019	181,11	3061038
18/01/2019	182,57	3497959
21/01/2019	182,57	0
22/01/2019	184,57	3190315
23/01/2019	186,09	2530657
24/01/2019	187,37	3214190
25/01/2019	184	4408751
28/01/2019	183,6	4138677
29/01/2019	182,17	3666741
30/01/2019	181,77	9489921
31/01/2019	178,78	10440120
01/02/2019	176,72	6529191
04/02/2019	177,55	4533792
05/02/2019	177,57	4495881
06/02/2019	176,18	3965233
07/02/2019	175,28	4176269
08/02/2019	174,75	4051647
11/02/2019	174,26	3216447
12/02/2019	173,97	4692769
13/02/2019	174,15	5283032
14/02/2019	175,87	4428976
15/02/2019	179,97	4648604
18/02/2019	179,97	0
19/02/2019	179,25	4765391
20/02/2019	180,49	3707411
21/02/2019	182,81	4391022
22/02/2019	183,17	3073495
25/02/2019	182,61	3090787
26/02/2019	183,21	2219087
27/02/2019	183,36	2261701
28/02/2019	183,84	3298206
01/03/2019	185,05	2690988
04/03/2019	180,59	4899760
05/03/2019	181,35	3362509
06/03/2019	182,03	2083946
07/03/2019	180,52	3268106
08/03/2019	179,5	2757219
11/03/2019	181,08	2071481
12/03/2019	181,83	2191830
13/03/2019	182,06	2612135
14/03/2019	182,74	2375444
15/03/2019	185,33	6010520
18/03/2019	183,95	3669226
19/03/2019	183,11	4102771
20/03/2019	184,97	3522394
21/03/2019	186,37	2830192
22/03/2019	186,81	3319613
25/03/2019	185,72	2651646
26/03/2019	187,48	2609558
27/03/2019	187,51	1684775
28/03/2019	189,39	1977103
29/03/2019	189,9	2951993
01/04/2019	188,39	3195051
02/04/2019	188,35	1798034
03/04/2019	188,35	2512264
04/04/2019	189,87	2324932
05/04/2019	190,71	2438651
08/04/2019	189,85	2290381
09/04/2019	190,08	2279856
10/04/2019	189,22	2406813
11/04/2019	188,88	1740357
12/04/2019	191,6	3238816
15/04/2019	191,85	1973531
16/04/2019	191,7	1559227
17/04/2019	191,61	1875019
18/04/2019	194,91	2918415
19/04/2019	194,91	0
22/04/2019	193,92	1738426
23/04/2019	195,26	2192975
24/04/2019	197,63	3070150
25/04/2019	197,93	2040998
26/04/2019	197,42	2302119
29/04/2019	197,12	3456076
30/04/2019	197,57	6162285
01/05/2019	194,17	4059612
02/05/2019	194,61	2417953
03/05/2019	197,52	2915210
06/05/2019	198,9	2371253
07/05/2019	198,04	3072542
08/05/2019	198,03	2040919
09/05/2019	197,73	1923655
10/05/2019	199,99	2668932
13/05/2019	199,03	2809429
14/05/2019	198,01	2787732
15/05/2019	199,07	1898987
16/05/2019	199,99	2520899
17/05/2019	199,22	2239574
20/05/2019	198,99	2217366
21/05/2019	199,84	2264591
22/05/2019	199,96	1760440
23/05/2019	198,97	3560545
24/05/2019	197,77	2105755
27/05/2019	197,77	0
28/05/2019	196,67	3675164
29/05/2019	196,02	2925087
30/05/2019	199,24	2685006
31/05/2019	198,27	3669172
03/06/2019	198,78	3211789
04/06/2019	199,63	3829903
05/06/2019	200,13	4294736
06/06/2019	203,05	4657847
07/06/2019	205,48	4345037
10/06/2019	201,3	4647536
11/06/2019	203,26	2991501
12/06/2019	204,93	2874338
13/06/2019	204,49	2277781
14/06/2019	205,29	2715937
17/06/2019	203,81	2694576
18/06/2019	204,51	2470933
19/06/2019	204,55	2328409
20/06/2019	205,12	2162164
21/06/2019	204,26	4267398
24/06/2019	203,92	2486835
25/06/2019	205,71	3020965
26/06/2019	204,55	2576000
27/06/2019	206,27	2253671
28/06/2019	207,66	3658196
01/07/2019	206,3	2692857
02/07/2019	209,58	3120250
03/07/2019	212,81	2306040
04/07/2019	212,81	0
05/07/2019	211,24	1876180
08/07/2019	212,16	1818123
09/07/2019	212,09	1619149
10/07/2019	213	1842288
11/07/2019	212,69	1922802
12/07/2019	212,99	1960149
15/07/2019	214,21	2408827
16/07/2019	213,72	2380836
17/07/2019	213,71	1698600
18/07/2019	215,91	2261628
19/07/2019	213,87	2860462
22/07/2019	215	2580634
23/07/2019	214,31	2503582
24/07/2019	212,78	2971648
25/07/2019	214,44	3788976
26/07/2019	215,58	5029324
29/07/2019	214,98	4278616
30/07/2019	212,34	2808503
31/07/2019	210,72	4048787
01/08/2019	211,25	3232059
02/08/2019	214,48	3517803
05/08/2019	210,45	3685561
06/08/2019	214,08	2970342
07/08/2019	216,83	3767220
08/08/2019	218,01	3724277
09/08/2019	221,15	3783954
12/08/2019	217,16	2338365
13/08/2019	219,73	2923623
14/08/2019	216,48	3233712
15/08/2019	218,27	2774122
16/08/2019	218,47	2475934
19/08/2019	218,78	2721167
20/08/2019	218,47	2334864
21/08/2019	220,71	2053321
22/08/2019	219,49	2551256
23/08/2019	214,66	3662483
26/08/2019	216,91	2553406
27/08/2019	216,05	2070202
28/08/2019	218,07	2152034
29/08/2019	220,54	2730740
30/08/2019	217,97	2734180
02/09/2019	217,97	0
03/09/2019	217,13	3183134
04/09/2019	218,5	2267061
05/09/2019	219,49	2752112
06/09/2019	220,03	1976463
09/09/2019	217,26	2569578
10/09/2019	209,68	6407631
11/09/2019	210,2	3393286
12/09/2019	212,15	3439063
13/09/2019	209,81	3791827
16/09/2019	207,4	3437739
17/09/2019	209,85	3692802
18/09/2019	210,43	2547415
19/09/2019	210,52	2614128
20/09/2019	209,39	6008065
23/09/2019	211,54	3359064
24/09/2019	212,02	3092687
25/09/2019	212,63	2430656
26/09/2019	212,6	3057795
27/09/2019	213,16	2333187
30/09/2019	214,71	2496973
01/10/2019	209,02	5002976
02/10/2019	206,27	4185866
03/10/2019	210,03	3535247
04/10/2019	211,69	2226999
07/10/2019	211,92	3061220
08/10/2019	211,11	2565838
09/10/2019	212,83	1758556
10/10/2019	211,76	2490729
11/10/2019	209,02	3962687
14/10/2019	208,38	3098066
15/10/2019	207,22	3815888
16/10/2019	208,3	2910045
17/10/2019	206,85	3354558
18/10/2019	208,5	3521237
21/10/2019	209,85	3741843
22/10/2019	199,27	10332750
23/10/2019	199,21	7966978
24/10/2019	196,02	5006419
25/10/2019	194,61	4773651
28/10/2019	191,78	7711396
29/10/2019	192,62	4454632
30/10/2019	196,89	6332596
31/10/2019	196,7	4960993
01/11/2019	193,94	4192395
04/11/2019	188,66	17662060
05/11/2019	192,18	10496020
06/11/2019	194,18	6473508
07/11/2019	193,08	4820241
08/11/2019	193,61	3499866
11/11/2019	192,64	2747002
12/11/2019	193,28	2933091
13/11/2019	195	3443994
14/11/2019	194	3175846
15/11/2019	193,97	2991719
18/11/2019	194,28	3421599
19/11/2019	193,44	2910580
20/11/2019	194,13	3131923
21/11/2019	192,35	3509470
22/11/2019	193,14	2418119
25/11/2019	191,89	4000371
26/11/2019	194,01	3879977
27/11/2019	196,3	4136783
28/11/2019	196,3	0
29/11/2019	194,48	2815480
02/12/2019	195,18	3198902
03/12/2019	193,12	4078751
04/12/2019	194,31	2217253
05/12/2019	194,21	2820099
06/12/2019	195,35	3608361
09/12/2019	194,68	2244059
10/12/2019	194,95	2470123
11/12/2019	194,72	2490694
12/12/2019	196,31	3024971
13/12/2019	197,12	2078090
16/12/2019	197,88	3650140
17/12/2019	196,52	3341019
18/12/2019	195,63	4288485
19/12/2019	197,06	3346806
20/12/2019	197,14	6415590
23/12/2019	196,2	2389543
24/12/2019	196,67	1152517
25/12/2019	196,67	0
26/12/2019	197,06	1810616
27/12/2019	198,17	2264927
30/12/2019	196,91	2242905
31/12/2019	197,61	2278794
02/01/2020	200,79	3554837
03/01/2020	200,08	2767663
06/01/2020	202,33	4660792
07/01/2020	202,63	4054726
08/01/2020	205,91	5286482
09/01/2020	208,35	5974942
10/01/2020	207,27	2336721
13/01/2020	206,51	2784618
14/01/2020	207,32	2623410
15/01/2020	209,77	3369381
16/01/2020	210,85	2726936
17/01/2020	211,98	3540424
21/01/2020	211,16	4100505
22/01/2020	211,44	2757509
23/01/2020	213,42	3378229
24/01/2020	211,24	3106346
27/01/2020	209,34	3389321
28/01/2020	210,39	3855185
29/01/2020	214,44	5735460
30/01/2020	216,18	3560701
31/01/2020	213,97	3920820
03/02/2020	215,18	3539429
04/02/2020	214,62	3367933
05/02/2020	214,37	2911520
06/02/2020	212,87	2903328
07/02/2020	211,61	2421602
10/02/2020	213,21	2318962
11/02/2020	215,73	2694622
12/02/2020	217,46	2844944
13/02/2020	217,42	2853360
14/02/2020	217,09	1720400
18/02/2020	216,15	2714047
19/02/2020	215,63	2229508
20/02/2020	215,08	2869429
21/02/2020	215,87	2791392
24/02/2020	213,52	4219147
25/02/2020	212,1	5053726
26/02/2020	210,1	4191398
27/02/2020	201	6406211
28/02/2020	194,17	11377780
02/03/2020	202,55	6154168
03/03/2020	199,51	5115171
04/03/2020	207,02	4260634
05/03/2020	198,32	4107234
06/03/2020	198,86	6360268
09/03/2020	186,86	7788507
10/03/2020	199,86	5835234
11/03/2020	188,25	5627804
12/03/2020	170,13	9079339
13/03/2020	177,13	8042646
16/03/2020	149,01	9341340
17/03/2020	147,62	13708250
18/03/2020	137,3	12627580
19/03/2020	149,5	12773390
20/03/2020	148,49	12000040
23/03/2020	137,1	10660440
24/03/2020	161,95	11678380
25/03/2020	162,98	9708701
26/03/2020	167,35	8264901
27/03/2020	164,01	6441366
30/03/2020	168,13	5621669
31/03/2020	165,35	4522292
01/04/2020	158,17	4668869
02/04/2020	161,5	4803514
03/04/2020	160,33	5050441
06/04/2020	177,04	8330914
07/04/2020	175,59	7848299
08/04/2020	177,49	5665728
09/04/2020	183,7	4901856
13/04/2020	180,12	3182573
14/04/2020	183,99	3864204
15/04/2020	177,84	4961463
16/04/2020	179,5	7120833
17/04/2020	186,1	6467814
20/04/2020	181,65	3856456
21/04/2020	177,58	4758289
22/04/2020	186,48	4245902
23/04/2020	182,04	5050147
24/04/2020	184,02	3319849
27/04/2020	185,89	4048222
28/04/2020	185,93	3804981
29/04/2020	187,82	3465196
30/04/2020	187,56	7127221
01/05/2020	182,66	3764754
04/05/2020	181,87	4027063
05/05/2020	179,24	3828424
06/05/2020	176,97	3916862
07/05/2020	181,12	3039953
08/05/2020	181,23	3411874
11/05/2020	180,88	2631295
12/05/2020	176,54	3610581
13/05/2020	172,82	4729120
14/05/2020	175,41	4868360
15/05/2020	173,81	6879617
18/05/2020	179,83	4653306
19/05/2020	179,57	3365030
20/05/2020	184,1	4920793
21/05/2020	185,08	2913846
22/05/2020	184,41	2475190
26/05/2020	184,84	3990870
27/05/2020	187,72	3993447
28/05/2020	188,73	3568464
29/05/2020	186,32	5719059
01/06/2020	187,41	2169455
02/06/2020	187,59	3125455
03/06/2020	193,29	3881453
04/06/2020	193,24	3469436
05/06/2020	197,16	4728306
08/06/2020	202,65	4443911
09/06/2020	199,52	3728614
10/06/2020	195,8	3459865
11/06/2020	187,51	5795967
12/06/2020	189,17	4108594
15/06/2020	189,49	4500420
16/06/2020	190,32	5434776
17/06/2020	190,79	3154073
18/06/2020	189,49	3153262
19/06/2020	186,56	6264833
22/06/2020	187,46	3223215
23/06/2020	186,62	2951916
24/06/2020	184,29	4146579
25/06/2020	182,76	3145191
26/06/2020	179,74	5107359
29/06/2020	182,8	2622177
30/06/2020	184,47	3163190
01/07/2020	184,66	2193762
02/07/2020	183,52	2690150
06/07/2020	188,5	3171467
07/07/2020	185,82	2399567
08/07/2020	185,85	2776400
09/07/2020	184,33	2333500
10/07/2020	184,88	2714444
13/07/2020	184,92	3221622
14/07/2020	190,72	4138567
15/07/2020	191,77	3735433
16/07/2020	190,92	2111107
17/07/2020	191,48	1972966
20/07/2020	191,61	2157480
21/07/2020	192,98	3505717
22/07/2020	198,62	3484707
23/07/2020	197,55	2702178
24/07/2020	198,72	2200026
27/07/2020	201,25	4541727
28/07/2020	196,24	6051015
29/07/2020	196,21	3342859
30/07/2020	195,41	2705661
31/07/2020	194,28	3195486
03/08/2020	194,4	3143754
04/08/2020	199,36	3700233
05/08/2020	199,26	2281830
06/08/2020	203,18	3159323
07/08/2020	204,6	2979950
10/08/2020	204,12	2783695
11/08/2020	205	2478383
12/08/2020	206,02	2167353
13/08/2020	206,49	1795023
14/08/2020	207,03	2060237
17/08/2020	208,67	2619046
18/08/2020	210,32	2921676
19/08/2020	209,51	2711113
20/08/2020	209,88	2085063
21/08/2020	211,57	3484853
24/08/2020	212,62	2463937
25/08/2020	212,65	2302456
26/08/2020	213,76	2316855
27/08/2020	212,19	3226762
28/08/2020	214,91	3212491
31/08/2020	213,52	2900867
01/09/2020	212,69	2926889
02/09/2020	216,23	4091998
03/09/2020	213,8	3126675
04/09/2020	211,73	3828823
08/09/2020	213,58	4107917
09/09/2020	215,71	3213195
10/09/2020	217,24	3325601
11/09/2020	218	3616483
14/09/2020	220,56	2544140
15/09/2020	222,37	2640872
16/09/2020	224,81	3464160
17/09/2020	222,58	3376985
18/09/2020	220,27	3861750
21/09/2020	216,41	2831750
22/09/2020	216,41	2475978
23/09/2020	214,97	2777715
24/09/2020	216,12	1727041
25/09/2020	218,18	2196831
28/09/2020	220,26	2112107
29/09/2020	218,68	1732275
30/09/2020	219,49	3034100
01/10/2020	219,59	2443348
02/10/2020	222,67	3833110
05/10/2020	226,07	2913824
06/10/2020	224,09	2453627
07/10/2020	226,48	1972777
08/10/2020	225,8	3195785
09/10/2020	224,83	3237709
12/10/2020	226,11	2412627
13/10/2020	227,35	2098972
14/10/2020	227,62	1862687
15/10/2020	229,64	2178247
16/10/2020	229,37	2162939
19/10/2020	226	2009635
20/10/2020	227,45	1883639
21/10/2020	228,19	1518200
22/10/2020	229,15	1961450
23/10/2020	228,71	2278124
26/10/2020	224,27	2538058
27/10/2020	222,97	1801922
28/10/2020	214,69	3273074
29/10/2020	214,95	2477582
30/10/2020	213	3451419
02/11/2020	212,56	2983362
03/11/2020	216,8	2615017
04/11/2020	214,87	3360836
05/11/2020	216,31	3622023
06/11/2020	216,56	3916076
09/11/2020	213,22	7981211
10/11/2020	213,32	4255577
11/11/2020	218,02	4127212
12/11/2020	213,07	4257495
13/11/2020	213,28	3072628
16/11/2020	216,73	3702131
17/11/2020	216,01	2443547
18/11/2020	215,52	3095154
19/11/2020	215,11	2840460
20/11/2020	214,09	3932954
23/11/2020	217	3011272
24/11/2020	219,71	3872224
25/11/2020	219,34	1889200
27/11/2020	218,33	1394366
30/11/2020	217,44	3413588
01/12/2020	216,14	4226275
02/12/2020	210,86	6223661
03/12/2020	211,51	3732543
04/12/2020	210,74	3151060
07/12/2020	208,89	3826001
08/12/2020	208,39	2709447
09/12/2020	208,69	3011056
10/12/2020	208,04	2956368
11/12/2020	207,76	2770817
14/12/2020	211,92	4744960
15/12/2020	214,86	3799294
16/12/2020	213,8	2681984
17/12/2020	214,25	2558810
18/12/2020	215,08	7929060
21/12/2020	211,67	4342480
22/12/2020	211,92	2773709
23/12/2020	212,02	1658765
24/12/2020	211,39	1047650
28/12/2020	214,02	2550104
29/12/2020	212,71	1665725
30/12/2020	211,56	1854990
31/12/2020	214,58	2610914
04/01/2021	210,22	4055409
05/01/2021	211,48	2576065
06/01/2021	211	3083426
07/01/2021	211,98	3142014
08/01/2021	215,87	2639146
11/01/2021	214,23	2545893
12/01/2021	211,6	2951952
13/01/2021	212,09	2069926
14/01/2021	208,5	3666716
15/01/2021	209,91	3593732
19/01/2021	209,09	3331595
20/01/2021	213,63	4077731
21/01/2021	213,53	2676309
22/01/2021	213,38	2196479
25/01/2021	213,34	2615384
26/01/2021	215,38	2907817
27/01/2021	207	5464011
28/01/2021	206,82	5401592
29/01/2021	207,84	5203314
01/02/2021	207,93	2812476
