Date	PX_LAST	PX_VOLUME
10/02/2020	85,66	10106100
11/02/2020	85,25	9783063
12/02/2020	83,25	18731830
13/02/2020	81,97	18500740
14/02/2020	82,65	8342959
18/02/2020	82,46	9560516
19/02/2020	82	11202470
20/02/2020	82,49	10440210
21/02/2020	82,34	8870220
24/02/2020	81,33	13105390
25/02/2020	80,27	12568410
26/02/2020	79,94	11394320
27/02/2020	78,08	15013630
28/02/2020	76,56	27922050
02/03/2020	81,37	17977600
03/03/2020	79,13	16598140
04/03/2020	82,97	19298040
05/03/2020	81,58	14330040
06/03/2020	82,2	13557820
09/03/2020	78,96	18075230
10/03/2020	82,02	16724740
11/03/2020	79,25	13623740
12/03/2020	74,45	21626660
13/03/2020	76,75	24672800
16/03/2020	69,92	19855330
17/03/2020	74,48	23612430
18/03/2020	71,63	17708450
19/03/2020	70,73	18386200
20/03/2020	71,36	22019170
23/03/2020	66,4	17533430
24/03/2020	69,05	18990360
25/03/2020	68,22	17472810
26/03/2020	73,53	17229090
27/03/2020	71,73	11896220
30/03/2020	76,95	15079480
31/03/2020	76,94	14390490
01/04/2020	73,8	11130990
02/04/2020	76,87	12255540
03/04/2020	76,25	9579423
06/04/2020	80,31	13658510
07/04/2020	78,56	10169820
08/04/2020	81,62	10955970
09/04/2020	82,49	13241570
13/04/2020	80,54	7353681
14/04/2020	82,84	11598640
15/04/2020	82,07	10314030
16/04/2020	83	8726155
17/04/2020	83,46	14726300
20/04/2020	83,1	11140980
21/04/2020	78,56	17057770
22/04/2020	79,98	11387460
23/04/2020	80,88	7779088
24/04/2020	81,43	7334926
27/04/2020	83,98	12201140
28/04/2020	81,18	19345010
29/04/2020	80,77	13060350
30/04/2020	79,34	11105840
01/05/2020	77,67	9082822
04/05/2020	76,86	8445155
05/05/2020	78,01	7062437
06/05/2020	77,12	11846260
07/05/2020	75,6	12025920
08/05/2020	76,4	8389200
11/05/2020	77,91	10135970
12/05/2020	77,19	9107471
13/05/2020	77,89	10434270
14/05/2020	80,05	10885100
15/05/2020	79,78	8938291
18/05/2020	79,72	11977800
19/05/2020	77,55	10106720
20/05/2020	76,89	10522560
21/05/2020	76,55	8588091
22/05/2020	76,37	6066320
26/05/2020	77,26	18269100
27/05/2020	77,55	12241380
28/05/2020	79,04	12585990
29/05/2020	80,72	12900690
01/06/2020	79,56	5991955
02/06/2020	80,84	10832970
03/06/2020	82,06	13049080
04/06/2020	81,55	8867324
05/06/2020	82,26	9936408
08/06/2020	82,9	9500801
09/06/2020	82,26	8440980
10/06/2020	81,77	8664952
11/06/2020	77,35	13648720
12/06/2020	76,3	16221990
15/06/2020	74,02	16882250
16/06/2020	76,97	20460690
17/06/2020	76,29	13342640
18/06/2020	76,22	7395912
19/06/2020	77,9	16855540
22/06/2020	76,75	7131940
23/06/2020	77,12	10905230
24/06/2020	75,87	7714623
25/06/2020	76,57	7236011
26/06/2020	75,19	11764590
29/06/2020	76,12	6899781
30/06/2020	77,33	9485530
01/07/2020	78,12	9493099
02/07/2020	78,78	6515116
06/07/2020	79,58	7689223
07/07/2020	78,72	6637905
08/07/2020	77,92	7831109
09/07/2020	76,69	7601213
10/07/2020	76,73	4925037
13/07/2020	77,35	7742624
14/07/2020	78,25	8012490
15/07/2020	79,44	7356574
16/07/2020	79,4	5582878
17/07/2020	79,87	7817460
20/07/2020	79,41	5185257
21/07/2020	78,89	8557094
22/07/2020	78,78	11795940
23/07/2020	78,06	11029500
24/07/2020	77,1	8653360
27/07/2020	78,93	10456550
28/07/2020	79,69	8105844
29/07/2020	79,35	6105298
30/07/2020	78,99	6824952
31/07/2020	80,24	11726440
03/08/2020	82,54	10118570
04/08/2020	81,67	6888062
05/08/2020	81,64	6198438
06/08/2020	81,05	6924188
07/08/2020	81,02	6657998
10/08/2020	80,91	5517577
11/08/2020	80,91	7287065
12/08/2020	82,68	6962679
13/08/2020	83,54	7113849
14/08/2020	83,48	7051978
17/08/2020	84,76	8362948
18/08/2020	84,56	6251773
19/08/2020	85,03	6580198
20/08/2020	85,03	6088218
21/08/2020	84,98	6574964
24/08/2020	85,42	7234978
25/08/2020	85,68	9776744
26/08/2020	85,54	7485169
27/08/2020	85,82	6168751
28/08/2020	85,65	5853145
31/08/2020	85,27	7566416
01/09/2020	84,43	6486619
02/09/2020	86,93	11041570
03/09/2020	85,49	12389020
04/09/2020	85,24	8931420
08/09/2020	83,33	8679014
09/09/2020	84,88	8456456
10/09/2020	83,57	6591165
11/09/2020	84,48	6842757
14/09/2020	84,16	8183210
15/09/2020	84,21	10330790
16/09/2020	85,57	9905007
17/09/2020	85,64	7719928
18/09/2020	85,81	11744660
21/09/2020	83,13	9967055
22/09/2020	82,94	7770238
23/09/2020	82,63	6761636
24/09/2020	83,15	7484953
25/09/2020	82,93	6614914
28/09/2020	82,76	5843200
29/09/2020	81,9	6433703
30/09/2020	82,95	11062670
01/10/2020	81,64	8025113
02/10/2020	80,8	5014677
05/10/2020	81,24	8403789
06/10/2020	79,63	9802689
07/10/2020	80,04	9394697
08/10/2020	80,48	8794989
09/10/2020	80,36	5683662
12/10/2020	80,36	7897288
13/10/2020	80,71	8707834
14/10/2020	80,51	8747128
15/10/2020	79,06	8734836
16/10/2020	79,83	7541600
19/10/2020	78,67	8219894
20/10/2020	78,27	10634330
21/10/2020	78,07	9245995
22/10/2020	79,21	5797777
23/10/2020	79,83	6974613
26/10/2020	78,84	8704988
27/10/2020	77,99	11680720
28/10/2020	76,18	8578153
29/10/2020	75,89	8887664
30/10/2020	75,21	10589120
02/11/2020	76,71	7772711
03/11/2020	76,92	7341151
04/11/2020	80,62	14056690
05/11/2020	80,46	8852325
06/11/2020	80,36	6627470
09/11/2020	80,5	10671820
10/11/2020	81,11	8200334
11/11/2020	81,06	5478680
12/11/2020	79,86	7124692
13/11/2020	81,09	7343207
16/11/2020	80,18	9068171
17/11/2020	81,5	9073571
18/11/2020	80,25	8280683
19/11/2020	80,39	6714806
20/11/2020	80,45	8031403
23/11/2020	80,28	9063500
24/11/2020	80,14	12206440
25/11/2020	80,06	5747728
27/11/2020	79,86	5386008
30/11/2020	80,39	13837650
01/12/2020	81,55	9701506
02/12/2020	81,83	6837583
03/12/2020	81,45	6760629
04/12/2020	81,94	8255332
07/12/2020	82,51	8424766
08/12/2020	83,18	8268076
09/12/2020	83,47	6839992
10/12/2020	82,99	7012586
11/12/2020	82,96	7613715
14/12/2020	80,32	12537470
15/12/2020	80,48	9626717
16/12/2020	79,83	9053075
17/12/2020	79,82	11173680
18/12/2020	79,53	31642850
21/12/2020	79,29	10630520
22/12/2020	79,42	8641615
23/12/2020	79,76	5778679
24/12/2020	80,14	2822033
28/12/2020	80,45	4584159
29/12/2020	81,42	5446607
30/12/2020	80,59	5661572
31/12/2020	81,8	5258719
04/01/2021	80,96	10021560
05/01/2021	81,1	10454680
06/01/2021	82,38	10039530
07/01/2021	84,02	9969438
08/01/2021	83,03	9125149
11/01/2021	85	12871440
12/01/2021	83,09	9664704
13/01/2021	82,34	9631524
14/01/2021	82,17	10845850
15/01/2021	83,38	9736212
19/01/2021	83,19	8079485
20/01/2021	82,46	10589560
21/01/2021	81,18	8631277
22/01/2021	80,98	9004702
25/01/2021	81,15	9501581
26/01/2021	80,25	7393373
27/01/2021	77,07	15487020
28/01/2021	77,92	12377890
29/01/2021	77,07	10182720
01/02/2021	77,36	7847914
02/02/2021	77,77	9414792
03/02/2021	77,32	9575218
04/02/2021	76,03	18003420
05/02/2021	75,8	13265130
