Date	PX_LAST	PX_VOLUME
10/02/2020	189,12	3873498
11/02/2020	189,11	4299231
12/02/2020	189,46	4535367
13/02/2020	188,64	3132057
14/02/2020	189,95	3599445
18/02/2020	191,09	4957450
19/02/2020	192,87	3903153
20/02/2020	193,36	5451154
21/02/2020	189,5	5244259
24/02/2020	185,94	8463256
25/02/2020	181,27	11361120
26/02/2020	178,87	13926480
27/02/2020	172,15	9927314
28/02/2020	170,4	12643590
02/03/2020	176,76	7761040
03/03/2020	169,37	8323455
04/03/2020	175,69	5846719
05/03/2020	169,6	5797479
06/03/2020	164,08	9757735
09/03/2020	151,21	9657064
10/03/2020	161,34	11443930
11/03/2020	154,57	10345330
12/03/2020	140,59	13212960
13/03/2020	147,78	13765420
16/03/2020	124,3	13845250
17/03/2020	135,42	12191540
18/03/2020	132,24	12988160
19/03/2020	139,46	10444040
20/03/2020	139,35	12450120
23/03/2020	140,52	11898210
24/03/2020	153,64	11834350
25/03/2020	147,06	10639270
26/03/2020	154,73	8578887
27/03/2020	146	8273549
30/03/2020	149,85	7650429
31/03/2020	143,98	10431480
01/04/2020	134,06	8737615
02/04/2020	134,32	8150532
03/04/2020	134,31	6004409
06/04/2020	147,55	12296770
07/04/2020	145,07	7859451
08/04/2020	151,12	7665521
09/04/2020	154,55	7094576
13/04/2020	152,5	5138591
14/04/2020	157,71	7334310
15/04/2020	155,63	4042624
16/04/2020	157,06	4391510
17/04/2020	162,62	7312872
20/04/2020	162,76	4685993
21/04/2020	150,56	13737880
22/04/2020	154,14	6665468
23/04/2020	151,72	6281430
24/04/2020	153,98	6712013
27/04/2020	157,63	5036448
28/04/2020	154,46	4731803
29/04/2020	160,43	5256730
30/04/2020	161,95	6830654
01/05/2020	156,37	4277134
04/05/2020	161,47	5974158
05/05/2020	163,25	5264761
06/05/2020	163,67	4112567
07/05/2020	169,9	6461957
08/05/2020	175,9	5405882
11/05/2020	182,67	8695960
12/05/2020	177,54	5904630
13/05/2020	169,64	12534950
14/05/2020	167	7442262
15/05/2020	171,33	5673821
18/05/2020	172,5	6399484
19/05/2020	176,04	5264042
20/05/2020	176,93	4951152
21/05/2020	175,26	4429652
22/05/2020	177,85	4965119
26/05/2020	176,52	8353577
27/05/2020	176,6	6340206
28/05/2020	181,1	10363610
29/05/2020	174,79	19645390
01/06/2020	176,36	5719312
02/06/2020	174,23	8571769
03/06/2020	174,99	6004048
04/06/2020	171,44	7301551
05/06/2020	173,88	8232167
08/06/2020	176,55	4592583
09/06/2020	174,56	4025596
10/06/2020	182,1	8127243
11/06/2020	172,05	6521167
12/06/2020	175,11	5443819
15/06/2020	178,61	6001846
16/06/2020	180,48	5825189
17/06/2020	181,4	5038626
18/06/2020	187,66	8677753
19/06/2020	186,95	11840970
22/06/2020	191,65	6252237
23/06/2020	189,06	6950841
24/06/2020	185,55	4903134
25/06/2020	188,34	4022421
26/06/2020	183,17	7595666
29/06/2020	183,33	3972149
30/06/2020	187,33	4478900
01/07/2020	191,89	4754613
02/07/2020	192,53	4200292
06/07/2020	197,72	5794241
07/07/2020	196,38	5431497
08/07/2020	200,28	4233731
09/07/2020	200,74	6062761
10/07/2020	198,88	3783209
13/07/2020	188,34	5555350
14/07/2020	189,56	5854719
15/07/2020	188,09	7681765
16/07/2020	185,51	7350001
17/07/2020	187,78	4325636
20/07/2020	195,09	5728974
21/07/2020	190,8	5377815
22/07/2020	191,31	2833242
23/07/2020	188,54	3639519
24/07/2020	188,49	3908386
27/07/2020	190,96	3015701
28/07/2020	189,5	3114398
29/07/2020	193,61	3747754
30/07/2020	191,7	3587429
31/07/2020	194,85	3734611
03/08/2020	203,19	6561007
04/08/2020	201,41	4438519
05/08/2020	202,64	3615762
06/08/2020	207,79	5113305
07/08/2020	201,05	5423414
10/08/2020	197,16	5528192
11/08/2020	191,99	5015367
12/08/2020	192,62	3982152
13/08/2020	195,14	4711598
14/08/2020	193,46	2833235
17/08/2020	196,74	3574549
18/08/2020	204,01	7284820
19/08/2020	205,11	7080746
20/08/2020	209,51	5175146
21/08/2020	207,53	5727827
24/08/2020	208,46	5698981
25/08/2020	216,05	27096460
26/08/2020	272,32	63253350
27/08/2020	276,32	22817090
28/08/2020	271,1	28067960
31/08/2020	272,65	16010100
01/09/2020	281,25	13303240
02/09/2020	276,69	12963780
03/09/2020	265,01	14000570
04/09/2020	254,7	14374290
08/09/2020	241,27	15229590
09/09/2020	250,43	9988571
10/09/2020	247,8	5944965
11/09/2020	243,1	5455231
14/09/2020	246,64	4255201
15/09/2020	251,68	4133574
16/09/2020	250,6	5443037
17/09/2020	244,53	5279535
18/09/2020	242,78	6595560
21/09/2020	245,05	5561603
22/09/2020	247,78	3600779
23/09/2020	235,99	7507921
24/09/2020	237,55	4166772
25/09/2020	242,74	5117842
28/09/2020	246,67	4088330
29/09/2020	247,45	4009932
30/09/2020	251,32	8188533
01/10/2020	253,45	4318011
02/10/2020	247,85	4494464
05/10/2020	251,53	3403534
06/10/2020	250,14	4448122
07/10/2020	259,98	4963168
08/10/2020	260,22	4150423
09/10/2020	265,98	4225023
12/10/2020	267,07	4317010
13/10/2020	266,83	3713230
14/10/2020	261,83	5133096
15/10/2020	257,72	5262379
16/10/2020	258,55	3098043
19/10/2020	255,01	3242263
20/10/2020	255,97	2989655
21/10/2020	254,23	2794023
22/10/2020	249,67	3688499
23/10/2020	250,52	3159644
26/10/2020	241,98	5864144
27/10/2020	250,3	4285593
28/10/2020	238,43	4425446
29/10/2020	237,14	4588957
30/10/2020	232,27	5743182
02/11/2020	232,45	3953394
03/11/2020	237,13	4151377
04/11/2020	250,74	6505415
05/11/2020	260,22	8961728
06/11/2020	260,15	3798638
09/11/2020	259,28	8777470
10/11/2020	247,66	6863193
11/11/2020	254,18	4163391
12/11/2020	249,42	5612679
13/11/2020	249,51	5162933
16/11/2020	249,89	5712565
17/11/2020	256,17	5090667
18/11/2020	257,16	5880543
19/11/2020	264,65	8084559
20/11/2020	258,04	7289605
23/11/2020	257,64	5385625
24/11/2020	260,84	5802107
25/11/2020	246,82	26394900
27/11/2020	247,63	7395034
30/11/2020	245,8	18966440
01/12/2020	241,35	19349100
02/12/2020	220,78	52225540
03/12/2020	220,97	21395320
04/12/2020	225,86	20504770
07/12/2020	227,7	12864070
08/12/2020	227,86	12116750
09/12/2020	220,57	15651840
10/12/2020	222,92	9258643
11/12/2020	222,42	8214441
14/12/2020	221,27	8508542
15/12/2020	220,15	10775830
16/12/2020	223,62	8821387
17/12/2020	225,92	9946888
18/12/2020	227,43	11845440
21/12/2020	226,47	9219003
22/12/2020	231,17	10367340
23/12/2020	227,43	7090526
24/12/2020	225,78	6146282
28/12/2020	224,64	6422513
29/12/2020	222,46	6122445
30/12/2020	222,4	4724009
31/12/2020	222,53	6011121
04/01/2021	220,31	10319920
05/01/2021	221,52	8657235
06/01/2021	216,15	9789849
07/01/2021	217,98	8443142
08/01/2021	222,04	7301710
11/01/2021	218,25	7206463
12/01/2021	215,52	10735960
13/01/2021	218,18	6839171
14/01/2021	215,6	6548025
15/01/2021	213,14	8525598
19/01/2021	216,76	7753752
20/01/2021	223,44	9857747
21/01/2021	222,17	6800810
22/01/2021	225,77	10186080
25/01/2021	225,92	8213455
26/01/2021	226,26	5021036
27/01/2021	224,78	7641060
28/01/2021	226,5	7246045
29/01/2021	225,56	6472983
01/02/2021	228,46	5696684
02/02/2021	234,2	7134891
03/02/2021	234,82	5357550
04/02/2021	237,98	4770722
05/02/2021	238,89	5019976
