Date	PX_LAST	PX_VOLUME
10/02/2020	287,03	3147356
11/02/2020	290,79	2992180
12/02/2020	303,48	6702084
13/02/2020	302,2	3565494
14/02/2020	298,78	2485610
18/02/2020	302,14	3242145
19/02/2020	305,31	3021266
20/02/2020	302,13	2885466
21/02/2020	301,43	2990311
24/02/2020	277,79	8790596
25/02/2020	263,39	8171242
26/02/2020	263	6807579
27/02/2020	253,92	7604285
28/02/2020	254,96	9963972
02/03/2020	273,11	8866267
03/03/2020	261,4	9188087
04/03/2020	289,42	14532980
05/03/2020	282,96	5908381
06/03/2020	283,87	5361864
09/03/2020	273,44	8070720
10/03/2020	280	7366040
11/03/2020	277,78	7747394
12/03/2020	250,41	10496630
13/03/2020	272,04	9308415
16/03/2020	225,04	10303460
17/03/2020	244,22	9642169
18/03/2020	217,06	12917490
19/03/2020	219,8	8065170
20/03/2020	206,59	9364072
23/03/2020	194,86	10654480
24/03/2020	219,8	8894374
25/03/2020	234,49	10013990
26/03/2020	255,39	7518081
27/03/2020	242,45	4879622
30/03/2020	251,28	5328965
31/03/2020	249,38	5455654
01/04/2020	237,32	4548766
02/04/2020	240,44	4636962
03/04/2020	229,49	4650291
06/04/2020	248,34	6365865
07/04/2020	248,04	4984097
08/04/2020	267,83	6390216
09/04/2020	264,13	4925544
13/04/2020	263,51	2965303
14/04/2020	270,5	4778901
15/04/2020	281,68	7841764
16/04/2020	298,43	7738895
17/04/2020	290,56	5857541
20/04/2020	282,14	4072635
21/04/2020	274,19	3977514
22/04/2020	277,02	3663658
23/04/2020	285,33	4420546
24/04/2020	291,29	3265412
27/04/2020	293,98	3706179
28/04/2020	288,36	3862897
29/04/2020	287,65	4258433
30/04/2020	292,47	7631715
01/05/2020	284,51	3526428
04/05/2020	287,54	2894193
05/05/2020	293,04	2501346
06/05/2020	288,77	2579182
07/05/2020	285	3162502
08/05/2020	287	3200304
11/05/2020	288,69	3490863
12/05/2020	287,7	4214309
13/05/2020	278	5474075
14/05/2020	290,61	5705048
15/05/2020	290,96	12182810
18/05/2020	293,36	4017333
19/05/2020	289,05	3059370
20/05/2020	287,99	3200617
21/05/2020	286,91	3604897
22/05/2020	289,94	2922841
26/05/2020	294,89	4568023
27/05/2020	303,77	5618902
28/05/2020	303,97	4388845
29/05/2020	304,85	6253038
01/06/2020	305,93	2894409
02/06/2020	306,31	2757002
03/06/2020	305,35	4360327
04/06/2020	298,08	4374349
05/06/2020	311,85	5554303
08/06/2020	309,48	4635498
09/06/2020	309,21	3061770
10/06/2020	305,75	3296079
11/06/2020	283,73	6638905
12/06/2020	285,15	5416812
15/06/2020	286,28	4496631
16/06/2020	293	4248308
17/06/2020	292,6	2538430
18/06/2020	291,48	2926573
19/06/2020	291,24	5168477
22/06/2020	292,67	2174051
23/06/2020	297,6	4023457
24/06/2020	289,18	3399868
25/06/2020	296,22	3112537
26/06/2020	286,88	5043234
29/06/2020	289,76	2356713
30/06/2020	294,95	2932930
01/07/2020	297,73	2304052
02/07/2020	298,26	1971954
06/07/2020	302,81	2395034
07/07/2020	296,65	2075730
08/07/2020	298,36	1987357
09/07/2020	291,16	3061657
10/07/2020	291,23	2391717
13/07/2020	299,71	4263348
14/07/2020	308,52	4234881
15/07/2020	304,07	5116869
16/07/2020	307,15	3844474
17/07/2020	306,53	3016846
20/07/2020	303,46	2375525
21/07/2020	305,11	2341560
22/07/2020	306,71	1935771
23/07/2020	302,97	2367675
24/07/2020	300,79	2415759
27/07/2020	298,6	2060506
28/07/2020	299,93	2257492
29/07/2020	306,68	2672724
30/07/2020	305,23	2205343
31/07/2020	302,78	3913650
03/08/2020	303,61	2628889
04/08/2020	304,5	3595182
05/08/2020	312,47	3014732
06/08/2020	314,06	3305601
07/08/2020	317,03	2600751
10/08/2020	319,1	2563849
11/08/2020	315,55	3018248
12/08/2020	322,27	2916495
13/08/2020	321,52	2159587
14/08/2020	323,7	1787375
17/08/2020	320,51	2772468
18/08/2020	316,81	2520285
19/08/2020	315,4	2066691
20/08/2020	313,33	2245791
21/08/2020	314,14	2488477
24/08/2020	308,84	2922446
25/08/2020	312,22	1879520
26/08/2020	308,82	3178972
27/08/2020	311,67	2321100
28/08/2020	314,37	2883586
31/08/2020	312,55	4341556
01/09/2020	312,83	2487188
02/09/2020	320,24	2846460
03/09/2020	316,23	3872533
04/09/2020	312	2901147
08/09/2020	307,25	2594530
09/09/2020	312,02	2195680
10/09/2020	304,6	2421619
11/09/2020	301,48	3086088
14/09/2020	308,57	1795515
15/09/2020	307,23	1468486
16/09/2020	306,52	3438228
17/09/2020	304,98	2394205
18/09/2020	308,02	3795806
21/09/2020	299,19	4124741
22/09/2020	294,26	3163604
23/09/2020	292,14	3710122
24/09/2020	292,66	2869110
25/09/2020	302,5	2455819
28/09/2020	303,23	2575710
29/09/2020	304,15	1797818
30/09/2020	311,77	3497316
01/10/2020	313,07	2731236
02/10/2020	311,98	2338048
05/10/2020	318,15	1638618
06/10/2020	314,45	2434408
07/10/2020	323,17	2596552
08/10/2020	322,41	2056700
09/10/2020	327,84	2028946
12/10/2020	329,97	2424163
13/10/2020	331,42	2713530
14/10/2020	321,85	4455722
15/10/2020	324,57	3172686
16/10/2020	329,9	3293344
19/10/2020	324,22	2482339
20/10/2020	323,41	1988669
21/10/2020	322,79	2139034
22/10/2020	325,73	2100739
23/10/2020	330,6	2349525
26/10/2020	323,06	2408460
27/10/2020	320,51	2427684
28/10/2020	308	3301655
29/10/2020	303,68	3279189
30/10/2020	305,14	3557355
02/11/2020	312,1	4519209
03/11/2020	321,35	4043876
04/11/2020	354,56	10344920
05/11/2020	354,4	4786472
06/11/2020	347,46	2994932
09/11/2020	350	4635344
10/11/2020	353,69	3733236
11/11/2020	351,7	2048494
12/11/2020	354,41	2908228
13/11/2020	355,67	2442331
16/11/2020	356,82	2790381
17/11/2020	352,1	2557624
18/11/2020	344,51	2722477
19/11/2020	337	3935570
20/11/2020	334,7	3702637
23/11/2020	335,06	2538118
24/11/2020	336,01	3759980
25/11/2020	333,19	3145335
27/11/2020	337,94	1558621
30/11/2020	336,34	5265707
01/12/2020	341,19	3817785
02/12/2020	347,56	2864281
03/12/2020	348,68	4169186
04/12/2020	349,89	3255426
07/12/2020	347,86	2999382
08/12/2020	347,86	2471262
09/12/2020	344,41	2600442
10/12/2020	339,65	2896940
11/12/2020	337,07	3071737
14/12/2020	336,13	2478953
15/12/2020	339,67	2616862
16/12/2020	339,34	2365672
17/12/2020	341,67	2525662
18/12/2020	338,38	8743007
21/12/2020	336,08	2893022
22/12/2020	335,01	2069883
23/12/2020	337,59	2348234
24/12/2020	340,79	1360598
28/12/2020	345,95	2308222
29/12/2020	347,35	2275855
30/12/2020	344,99	1866024
31/12/2020	350,68	1969227
04/01/2021	349,5	4203821
05/01/2021	344,8	3160458
06/01/2021	359,27	6561435
07/01/2021	365,03	3366710
08/01/2021	363,39	2948002
11/01/2021	360,75	2695180
12/01/2021	357,37	2372762
13/01/2021	355,04	1974477
14/01/2021	350,53	2919879
15/01/2021	351,3	3776994
19/01/2021	352,19	3361269
20/01/2021	350,84	3036808
21/01/2021	355	3750194
22/01/2021	347,55	2585351
25/01/2021	347,81	2506366
26/01/2021	343,11	2467549
27/01/2021	332,99	4770898
28/01/2021	338,15	2770191
29/01/2021	333,58	3899501
01/02/2021	334	3020168
02/02/2021	338,72	2663668
03/02/2021	337,89	2537417
04/02/2021	329,32	5962249
05/02/2021	324,51	7227908
